mgc_rve_context {bs1} 1000
mgc_rve_highlight_index 0 {11} {#0000FFFF0000}
mgc_rve_layer {metal1}
mp 18 20.7 2.7 21.9 2.7 21.9 9.6 24.6 9.6 24.6 16.2 28.2 16.2 28.2 18.6 27 18.6 27 17.4 23.4 17.4 23.4 22.5 22.2 22.5 22.2 16.5 23.7 16.5 23.7 10.5 21 10.5 21 8.7 20.7 8.7
mr 32.1 16.2 33.3 18.6
mr 36.3 12.3 37.5 14.7
mr 45.6 12.6 48 13.8
mgc_rve_layer {metal2}
mp 12 27 17.4 33.9 17.4 33.9 13.5 42.3 13.5 42.3 12.6 46.8 12.6 46.8 13.8 43.5 13.8 43.5 14.7 35.1 14.7 35.1 18.6 27 18.6
mgc_rve_layer {poly}
mp 20 27 2.1 27.6 2.1 27.6 9 28.5 9 28.5 2.1 29.1 2.1 29.1 9.6 27.6 9.6 27.6 16.2 28.2 16.2 28.2 17.4 27.6 17.4 27.6 18.6 29.1 18.6 29.1 23.1 28.5 23.1 28.5 19.2 27.6 19.2 27.6 23.1 27 23.1
mp 8 32.1 16.2 33.3 16.2 33.3 16.8 35.4 16.8 35.4 23.1 34.8 23.1 34.8 17.4 32.1 17.4
mp 6 36.3 12.3 37.2 12.3 37.2 2.1 37.8 2.1 37.8 13.5 36.3 13.5
mp 16 46.8 12.6 47.4 12.6 47.4 10.5 47.7 10.5 47.7 2.1 48.3 2.1 48.3 11.1 48 11.1 48 14.7 50.7 14.7 50.7 23.1 50.1 23.1 50.1 15.3 47.4 15.3 47.4 13.8 46.8 13.8
mgc_rve_layer {psrcdrn}
mr 20.4 2.7 22.2 8.7
mgc_rve_layer {nsrcdrn}
mr 21.9 16.5 23.4 22.5
mgc_rve_zoom 13.908 -2.4 57.192 27.6 1
